-2
-2
-3
-4
-5
-7
-9
-11
-13
-16
-20
-23
-27
-31
-36
-41
-46
-52
-57
-63
-69
-74
-80
-85
-90
-94
-98
-101
-103
-104
-103
-101
-97
-92
-84
-75
-63
-49
-32
-14
8
32
59
88
120
154
191
229
270
313
357
402
449
496
544
591
639
686
731
776
818
859
897
933
965
994
1019
1041
1058
1071
1080
1085
1085
1080
1071
1058
1041
1019
994
965
933
897
859
818
776
731
686
639
591
544
496
449
402
357
313
270
229
191
154
120
88
59
32
8
-14
-32
-49
-63
-75
-84
-92
-97
-101
-103
-104
-103
-101
-98
-94
-90
-85
-80
-74
-69
-63
-57
-52
-46
-41
-36
-31
-27
-23
-20
-16
-13
-11
-9
-7
-5
-4
-3
-2
-2
